a = 72.7148
alpha = 5.89669e+006
B_phi = 0.0148517
B_SO = 0.730833
B_e = -0.715703
