a = -335.527
alpha = -2.7209e+007
B_phi = 0.224258
B_SO = 0.367292
B_e = 3.33713e+013
